~~~~~~~~~~~~~~~~~~~~~~~~~~~~~~~~~~~~
Entrada: 
,,,,2,5,,3,,8,,,1,,,,,,1,,261,5,,,,,,9,,,,87,,,,,,4,,,,2,,9,,6,,,,,,,,,3861,,,,2,
Grid is valid.
Resuelto:
1 8 9 |3 2 6 |5 4 7 
3 4 2 |8 7 5 |9 1 6 
7 5 6 |9 4 1 |3 8 2 
------+------+------
6 1 7 |5 8 9 |2 3 4 
4 9 5 |6 3 2 |8 7 1 
2 3 8 |7 1 4 |6 9 5 
------+------+------
5 2 3 |1 9 7 |4 6 8 
9 7 4 |2 6 8 |1 5 3 
8 6 1 |4 5 3 |7 2 9 

~~~~~~~~~~~~~~~~~~~~~~~~~~~~~~~~~~~~
Tiempo Inicial
23:53:02.2431551
Tiempo Final
23:53:02.2501743
Diferencia
7.0192ms